Binario: 10100 del Decimal: 20
Binario: 1111 del Decimal: 15
Binario: 10100 del Decimal: 20
203/2= 101.5
Binario: 1100101 del Decimal: 101.5
Binario: 10100 del Decimal: 20
0.5-5= -4.5
0.5+5= 5.5
-12--15= 3.0
-12--15= 3.0
-9*5= -45.0
12--12= 24.0
24.0-11= 13.0
13.0+7= 20.0
10+2= 12.0
1+2= 3.0
1+5= 6.0
M+ 90 > 90 
M+ 95 > 90 95 
M+ 99 > 90 95 99 
M+ 75 > 90 95 99 75 
M+ 80 > 90 95 99 75 80 
Avg 90 95 99 75 80 = 87.8
M+ 87.8 > 90 95 99 75 80 87.8 
M+ 25 > 90 95 99 75 80 87.8 25 
M+ 15 > 90 95 99 75 80 87.8 25 15 
M+ 78 > 90 95 99 75 80 87.8 25 15 78 
M+ 47 > 90 95 99 75 80 87.8 25 15 78 47 
M+ 39 > 90 95 99 75 80 87.8 25 15 78 39 
M+ 15 > 15 
M+ 1585 > 15 1585 
M+ 23 > 15 1585 23 
M+ 58 > 15 1585 23 58 
M+ 18 > 15 1585 23 58 18 
M+ 25 > 15 1585 23 58 18 25 
M+ 85 > 15 1585 23 58 18 25 85 
M+ 45 > 15 1585 23 58 18 25 85 45 
M+ 75 > 15 1585 23 58 18 25 85 45 75 
M+ 15 > 15 1585 23 58 18 25 85 45 75 15 
M+ 96 > 96 15 1585 23 58 18 25 85 45 75 15 
M+ 15 > 15 
M+ 25 > 15 25 
M+ 36 > 15 25 36 
M+ 85 > 15 25 36 85 
M+ 95 > 15 25 36 85 95 
M+ 15 > 15 25 36 85 95 15 
M+ 74 > 15 25 36 85 95 15 74 
M+ 19 > 15 25 36 85 95 15 74 19 
M+ 79 > 15 25 36 85 95 15 74 19 79 
M+ 36 > 15 25 36 85 95 15 74 19 79 36 
M+ 77 > 77 25 36 85 95 15 74 19 79 36 
M+ 10 > 77 10 36 85 95 15 74 19 79 36 
M+ 85 > 77 10 85 85 95 15 74 19 79 36 
M+ 8569 > 77 10 85 8569 95 15 74 19 79 36 
M+ 29 > 77 10 85 8569 29 15 74 19 79 36 
M+ 78 > 77 10 85 8569 29 78 74 19 79 36 
M+ 88 > 77 10 85 8569 29 78 88 19 79 36 
M+ 14 > 77 10 85 8569 29 78 88 14 79 36 
M+ 28 > 77 10 85 8569 29 78 88 14 28 36 
M+ 74 > 74 10 85 8569 29 78 88 14 28 36 
35*25= 875.0
875.0-12= 863.0
863.0/2= 431.5
M+ 431.5 > 431.5 
M+ 25 > 431.5 25 
M+ 36 > 431.5 25 36 
M+ 14 > 431.5 25 36 14 
M+ 10 > 431.5 25 36 14 10 
M+ 79 > 431.5 25 36 14 10 79 
M+ 88 > 431.5 25 36 14 10 79 88 
M+ 74 > 431.5 25 36 14 10 79 88 74 
M+ 69 > 431.5 25 36 14 10 79 88 74 69 
M+ 32 > 431.5 25 36 14 10 79 88 74 69 32 
M+ 12 > 12 25 36 14 10 79 88 74 69 32 
M+ 14 > 12 14 36 14 10 79 88 74 69 32 
M+ 88 > 12 14 88 14 10 79 88 74 69 32 
M+ 78 > 12 14 88 78 10 79 88 74 69 32 
M+ 25 > 12 14 88 78 25 79 88 74 69 32 
M+ 87 > 12 14 88 78 25 87 88 74 69 32 
M+ 14 > 12 14 88 78 25 87 14 74 69 32 
M+ 55 > 12 14 88 78 25 87 14 55 69 32 
M+ 46 > 12 14 88 78 25 87 14 55 46 32 
M+ 464 > 12 14 88 78 25 87 14 55 46 464 
M+ 74 > 74 14 88 78 25 87 14 55 46 464 
Primo 7 true
0.7895422-5= -4.2104578
15+15= 30.0
-15+15= 0.0
-15--15= 0.0
10/2= 5.0
55*2.5= 137.5
26*-2= -52.0
Binario: 10 del Decimal: 2
Primo 15 false
M+ 100 > 100 
M+ 100 > 100 100 
M+ 100 > 100 100 100 
M+ 50 > 100 100 100 50 
Avg 100 100 100 50 = 87.5
0.2+1= 1.2
48+2= 50.0
50.0-5= 45.0
45.0-40= 5.0
5.0-9= -4.0
2.3+6= 8.3
0.6-8= -7.4
5+5= 10.0
10.07-5= 5.07
5.072554484+6= 11.072554484000001
8/5= 1.6
1.61.6= 1.0
1.01.0= 1.0
1.01.0= 1.0
1.0+6= 7.0
Binario: 111 del Decimal: 7.0
Binario: 1101111 del Decimal: 111
Primo 8 false
